0.0010035037994384766
0.000993490219116211
0.0010826587677001953
0.0009927749633789062
0.0012001991271972656
0.0015249252319335938
0.0016522407531738281
0.0011038780212402344
0.0006244182586669922
0.0010759830474853516
0.001680612564086914
0.001003265380859375
0.0019621849060058594
0.0015985965728759766
0.0016422271728515625
0.0011141300201416016
0.0019922256469726562
0.0009930133819580078
0.0010941028594970703
0.0009927749633789062
0.0009999275207519531
0.0009961128234863281
0.0013561248779296875
0.0011610984802246094
0.001003265380859375
0.0009334087371826172
0.001779317855834961
0.0011043548583984375
0.0011980533599853516
0.002999544143676758
