0.0016415119171142578
0.0010004043579101562
0.0015950202941894531
0.001138925552368164
0.002001047134399414
0.001832723617553711
0.0019981861114501953
0.0015192031860351562
0.0017161369323730469
0.0010838508605957031
0.0010890960693359375
0.002001523971557617
0.0011622905731201172
0.0016300678253173828
0.0016846656799316406
0.001119375228881836
0.0011518001556396484
0.002009153366088867
0.001626729965209961
0.001653432846069336
0.0017044544219970703
0.001318216323852539
0.0010004043579101562
0.0010001659393310547
0.0016262531280517578
0.0016117095947265625
0.002002716064453125
0.0016713142395019531
0.001996755599975586
0.001645803451538086
0.0015158653259277344
0.0016181468963623047
0.0010657310485839844
0.0016453266143798828
0.0012204647064208984
0.00099945068359375
0.0012254714965820312
0.0010564327239990234
0.0011785030364990234
0.00199127197265625
0.0010037422180175781
0.001577615737915039
0.001996755599975586
0.0015873908996582031
0.0012886524200439453
0.0016355514526367188
0.0011265277862548828
0.0020072460174560547
0.0016603469848632812
0.0011560916900634766
0.0016698837280273438
0.0011279582977294922
0.0010793209075927734
0.001245737075805664
0.0016791820526123047
0.0015227794647216797
0.0010035037994384766
0.0016703605651855469
0.0009992122650146484
0.001638174057006836
0.0016231536865234375
0.0011067390441894531
0.0017032623291015625
0.0017001628875732422
0.00199127197265625
0.0009968280792236328
0.0016803741455078125
0.0016126632690429688
0.0016565322875976562
0.0010037422180175781
0.0019979476928710938
0.0010418891906738281
0.0011556148529052734
0.0015110969543457031
0.001600027084350586
0.0010023117065429688
0.0016548633575439453
0.001051187515258789
0.0011560916900634766
0.0010976791381835938
0.0009949207305908203
0.0019981861114501953
0.0009925365447998047
0.0015711784362792969
0.0012373924255371094
0.0016095638275146484
0.0010502338409423828
0.0016248226165771484
0.001992940902709961
0.0011489391326904297
0.0016520023345947266
0.0011258125305175781
0.0015659332275390625
0.0016503334045410156
0.0021631717681884766
0.001650094985961914
0.0015115737915039062
0.0030002593994140625
0.0019965171813964844
0.0009946823120117188
0.0020613670349121094
0.0022253990173339844
0.0021200180053710938
0.002213716506958008
0.00299072265625
0.001999378204345703
0.0009992122650146484
0.0010483264923095703
0.001058816909790039
0.0009980201721191406
0.002002239227294922
0.0009989738464355469
0.0009975433349609375
0.0019989013671875
0.001087188720703125
0.0021524429321289062
0.0019936561584472656
0.0015215873718261719
0.001997709274291992
0.0011792182922363281
0.0019927024841308594
0.001996278762817383
0.001623392105102539
0.0015871524810791016
0.001043558120727539
0.0013554096221923828
0.011991262435913086
0.0016586780548095703
0.0016624927520751953
0.0016269683837890625
0.0016222000122070312
0.0015246868133544922
0.0020003318786621094
0.0011088848114013672
0.001642465591430664
0.0010728836059570312
0.0017099380493164062
0.001611948013305664
0.002000093460083008
0.0009982585906982422
0.0009922981262207031
0.0019953250885009766
0.001992464065551758
0.002000570297241211
0.0016257762908935547
0.001127004623413086
0.0016543865203857422
0.0016753673553466797
0.0010941028594970703
0.0015974044799804688
0.0012004375457763672
0.0016968250274658203
0.0016825199127197266
0.0010874271392822266
0.0009679794311523438
0.001992464065551758
0.0019960403442382812
0.0017559528350830078
0.0011105537414550781
0.0016260147094726562
0.0016803741455078125
0.0010004043579101562
0.0010867118835449219
0.0016124248504638672
0.0015094280242919922
0.001001119613647461
0.0012166500091552734
0.0016562938690185547
0.0010733604431152344
0.0019943714141845703
0.0010883808135986328
0.0016133785247802734
0.0016455650329589844
0.0016269683837890625
0.002001523971557617
0.0009992122650146484
0.0016531944274902344
0.001995086669921875
0.00168609619140625
0.0009989738464355469
0.0016269683837890625
0.0016036033630371094
0.0012564659118652344
0.0016374588012695312
0.0010044574737548828
0.0016834735870361328
0.001993417739868164
0.0016636848449707031
0.0010793209075927734
0.0019969940185546875
0.0010833740234375
0.0016300678253173828
0.0010554790496826172
0.0020406246185302734
0.0009937286376953125
0.0016508102416992188
0.0024886131286621094
0.0016849040985107422
0.0016338825225830078
0.0015926361083984375
0.0016071796417236328
0.0011458396911621094
0.0014252662658691406
0.002032041549682617
0.001996755599975586
0.0016775131225585938
0.0010828971862792969
0.0010814666748046875
0.0009922981262207031
0.0010828971862792969
0.0011391639709472656
0.0017919540405273438
0.0017042160034179688
0.0010561943054199219
0.0017278194427490234
0.000989675521850586
0.001245260238647461
0.0009949207305908203
0.0019998550415039062
0.0009915828704833984
0.0020635128021240234
0.0010962486267089844
0.002000093460083008
0.0016238689422607422
0.0017135143280029297
0.0016050338745117188
0.0010828971862792969
0.002054929733276367
0.0013947486877441406
0.0010859966278076172
0.001058340072631836
0.0016450881958007812
0.0012001991271972656
0.0010077953338623047
0.0011327266693115234
0.0011267662048339844
0.0015819072723388672
0.0010592937469482422
0.001645803451538086
0.001607656478881836
0.001115560531616211
0.0020003318786621094
0.001224517822265625
0.001604318618774414
0.0016629695892333984
0.001707315444946289
0.0015485286712646484
0.0016050338745117188
0.0016167163848876953
0.0010592937469482422
0.0010945796966552734
0.001997232437133789
0.0019931793212890625
0.001611471176147461
0.0016448497772216797
0.001967191696166992
0.0009920597076416016
0.0010781288146972656
0.0097808837890625
0.0019850730895996094
0.0016543865203857422
0.0016307830810546875
0.0010914802551269531
0.0010006427764892578
0.0020003318786621094
0.002321958541870117
0.0010733604431152344
0.0016665458679199219
0.0015888214111328125
0.0011010169982910156
0.0016393661499023438
0.0016095638275146484
0.0015816688537597656
0.001598358154296875
0.00099945068359375
0.0016021728515625
0.000993490219116211
0.002000570297241211
0.0010755062103271484
0.0016169548034667969
0.002000093460083008
0.0011410713195800781
0.0017447471618652344
0.0016131401062011719
0.0019996166229248047
0.0012142658233642578
0.001088857650756836
0.0009987354278564453
0.0009975433349609375
0.0015969276428222656
0.0019922256469726562
0.0015113353729248047
0.001992940902709961
0.0020003318786621094
0.0019931793212890625
0.0011334419250488281
0.0011086463928222656
0.0016257762908935547
0.0016438961029052734
0.002003908157348633
0.0015950202941894531
0.0018634796142578125
0.0010814666748046875
0.0015900135040283203
0.0020072460174560547
0.0016217231750488281
0.0011987686157226562
0.0016069412231445312
0.0011532306671142578
0.0016167163848876953
0.0011005401611328125
0.001697540283203125
0.0017075538635253906
0.0016884803771972656
0.001001596450805664
0.0016825199127197266
0.0016198158264160156
0.001611471176147461
0.0011494159698486328
0.0010595321655273438
0.0009999275207519531
0.001528024673461914
0.0009968280792236328
0.0015110969543457031
0.0016629695892333984
0.0019757747650146484
0.0015742778778076172
0.002000570297241211
0.0009953975677490234
0.0010652542114257812
0.0016727447509765625
0.001992464065551758
0.001085042953491211
0.0019941329956054688
0.0007765293121337891
0.0010743141174316406
0.0010988712310791016
0.0011358261108398438
0.0010023117065429688
0.001991748809814453
0.0019941329956054688
0.0016565322875976562
0.0016579627990722656
0.0016016960144042969
0.0015938282012939453
0.001993417739868164
0.0019969940185546875
0.0011801719665527344
0.0016090869903564453
0.001996755599975586
0.0016088485717773438
0.0017235279083251953
0.001092672348022461
0.0014014244079589844
0.002002716064453125
0.0016226768493652344
0.0020008087158203125
0.0015175342559814453
0.0009942054748535156
0.0019927024841308594
0.0019996166229248047
0.0016369819641113281
0.001649618148803711
0.0019998550415039062
0.0019969940185546875
0.0019931793212890625
0.0015752315521240234
0.0011200904846191406
0.0016698837280273438
0.0015995502471923828
0.001176595687866211
0.0017621517181396484
0.0010704994201660156
0.0016105175018310547
0.0016269683837890625
0.00164794921875
0.0011188983917236328
0.0020055770874023438
0.001997709274291992
0.009123086929321289
0.000997304916381836
0.0013930797576904297
0.001992940902709961
0.001630544662475586
0.0011026859283447266
0.0011014938354492188
0.0016911029815673828
0.0016317367553710938
0.0011706352233886719
0.0010797977447509766
0.0011124610900878906
0.0015726089477539062
0.001199483871459961
0.0009989738464355469
0.0010104179382324219
0.0016410350799560547
0.001646280288696289
0.0019927024841308594
0.0010685920715332031
0.001615762710571289
0.0020062923431396484
0.001992940902709961
0.0019981861114501953
0.0020008087158203125
0.001207590103149414
0.0010857582092285156
0.0015888214111328125
0.0013217926025390625
0.0016460418701171875
0.0010836124420166016
0.0009930133819580078
0.001622915267944336
0.0016252994537353516
0.0009932518005371094
0.0016741752624511719
0.0010950565338134766
0.0010061264038085938
0.0016341209411621094
0.0020008087158203125
0.001998424530029297
0.001753091812133789
0.0011937618255615234
0.0010001659393310547
0.0015208721160888672
0.0010612010955810547
0.0010709762573242188
0.0009999275207519531
0.0015192031860351562
0.0015883445739746094
0.0016312599182128906
0.0010890960693359375
0.0010988712310791016
0.0016560554504394531
0.0016317367553710938
0.001413583755493164
0.0019998550415039062
0.02134227752685547
0.0018422603607177734
0.0015761852264404297
0.0030014514923095703
0.0010809898376464844
0.0019969940185546875
0.0029969215393066406
0.001094818115234375
0.0009942054748535156
0.0039997100830078125
0.0009961128234863281
0.0016446113586425781
0.0020008087158203125
0.001987934112548828
0.001003265380859375
0.0018646717071533203
0.0016164779663085938
0.0017135143280029297
0.0013473033905029297
0.0019423961639404297
0.0015819072723388672
0.001096487045288086
0.0014655590057373047
0.0016245841979980469
0.0019998550415039062
0.0013015270233154297
0.000997304916381836
0.001997709274291992
0.0015106201171875
0.001399993896484375
0.0016276836395263672
0.0019927024841308594
0.001982450485229492
0.002000570297241211
0.000993490219116211
0.0015244483947753906
0.0015447139739990234
0.0017096996307373047
0.001171112060546875
0.0016512870788574219
0.001993417739868164
0.001996755599975586
0.0020003318786621094
0.0010004043579101562
0.0010526180267333984
0.0009932518005371094
0.0019948482513427734
0.0016565322875976562
0.0016374588012695312
0.0015132427215576172
0.0016241073608398438
0.002001047134399414
0.002011537551879883
0.0012390613555908203
0.0009942054748535156
0.0009920597076416016
0.0010526180267333984
0.0011916160583496094
0.0020041465759277344
0.0009982585906982422
0.0009951591491699219
0.0017466545104980469
0.001050710678100586
0.0010662078857421875
0.0016090869903564453
0.0016710758209228516
0.0010085105895996094
0.0011777877807617188
0.0019927024841308594
0.001665353775024414
0.0010552406311035156
0.0013337135314941406
0.0015954971313476562
0.0016922950744628906
0.0016880035400390625
0.0010559558868408203
0.0015957355499267578
0.0011143684387207031
0.0016052722930908203
0.0012018680572509766
0.003332853317260742
0.0010554790496826172
0.0021848678588867188
0.0015118122100830078
0.0015954971313476562
0.001588582992553711
0.001992940902709961
0.001519918441772461
0.0011131763458251953
0.0015676021575927734
0.0020279884338378906
0.0016322135925292969
0.0016176700592041016
0.0016455650329589844
0.0009987354278564453
0.0013875961303710938
0.0019986629486083984
0.0010750293731689453
0.0015234947204589844
0.0020012855529785156
0.0020623207092285156
0.0009920597076416016
0.0010528564453125
0.0012679100036621094
0.0016210079193115234
0.0011932849884033203
0.0015659332275390625
0.0016183853149414062
0.0019936561584472656
0.0009949207305908203
0.0017018318176269531
0.0016298294067382812
0.0010676383972167969
0.0009999275207519531
0.0016303062438964844
0.0010080337524414062
0.001361846923828125
0.0015993118286132812
0.0015802383422851562
0.0016510486602783203
0.0020003318786621094
0.0010027885437011719
0.0011703968048095703
0.020195960998535156
0.0020012855529785156
0.0010986328125
0.001116037368774414
0.001096963882446289
0.0017044544219970703
0.0015952587127685547
0.0013103485107421875
0.0010085105895996094
0.0019965171813964844
0.001999378204345703
0.0009932518005371094
0.0019974708557128906
0.0009946823120117188
0.0015878677368164062
0.0010738372802734375
0.0009953975677490234
0.0015113353729248047
0.0010046958923339844
0.001990079879760742
0.001996278762817383
0.001994609832763672
0.002031087875366211
0.0010671615600585938
0.001996278762817383
0.0019986629486083984
0.0011723041534423828
0.001999378204345703
0.01789689064025879
0.0014004707336425781
0.001611471176147461
0.0019979476928710938
0.001008749008178711
0.002267599105834961
0.0010993480682373047
0.002000093460083008
0.0015106201171875
0.0010602474212646484
0.0020029544830322266
0.001992464065551758
0.0015156269073486328
0.000993967056274414
0.0016210079193115234
0.002003192901611328
0.0016438961029052734
0.001516103744506836
0.0015180110931396484
0.0010502338409423828
0.0013360977172851562
0.0010824203491210938
0.0022144317626953125
0.0017113685607910156
0.0010917186737060547
0.0019998550415039062
0.001523733139038086
0.0009951591491699219
0.0012907981872558594
0.0016274452209472656
0.001627206802368164
0.002002239227294922
0.0009999275207519531
0.0016663074493408203
0.0012059211730957031
0.002059459686279297
0.0015113353729248047
0.0010268688201904297
0.0019991397857666016
0.0009970664978027344
0.0009996891021728516
0.0009996891021728516
0.001085042953491211
0.0020956993103027344
0.0015995502471923828
0.0015931129455566406
0.0012936592102050781
0.001987934112548828
0.0015726089477539062
0.0012059211730957031
0.0011138916015625
0.001527547836303711
0.002000093460083008
0.0015113353729248047
0.002001047134399414
0.0015766620635986328
0.0009911060333251953
0.002005338668823242
0.001617431640625
0.002000570297241211
0.0015096664428710938
0.0011200904846191406
0.0019941329956054688
0.0015103816986083984
0.0020036697387695312
0.0016682147979736328
0.0010094642639160156
0.0015518665313720703
0.0010013580322265625
0.0020024776458740234
0.0015213489532470703
0.0009970664978027344
0.0010097026824951172
0.0015108585357666016
0.001994609832763672
0.0019974708557128906
0.0020008087158203125
0.0017123222351074219
0.001600503921508789
0.0009932518005371094
0.0019876956939697266
0.0016429424285888672
0.0029973983764648438
0.0019953250885009766
0.0016396045684814453
0.0011734962463378906
0.0010082721710205078
0.0016360282897949219
0.002000570297241211
0.0016162395477294922
0.0010716915130615234
0.0018138885498046875
0.001630544662475586
0.0010004043579101562
0.001995563507080078
0.0020012855529785156
0.000993490219116211
0.0019927024841308594
0.0005142688751220703
0.0016095638275146484
0.001088857650756836
0.0009996891021728516
0.0010066032409667969
0.0010449886322021484
0.0016980171203613281
0.0016863346099853516
0.0016007423400878906
0.00106048583984375
0.001369476318359375
0.0016815662384033203
0.0020034313201904297
0.0010733604431152344
0.001998424530029297
0.002000570297241211
0.0010585784912109375
0.001999378204345703
0.0009942054748535156
0.0015158653259277344
0.0020003318786621094
0.0010783672332763672
0.0016455650329589844
0.001968860626220703
0.00113677978515625
0.0019948482513427734
0.002000093460083008
0.0016133785247802734
0.001272439956665039
0.001995086669921875
0.0009958744049072266
0.001996278762817383
0.0019936561584472656
0.0016658306121826172
0.0010008811950683594
0.010001182556152344
0.0011126995086669922
0.001796722412109375
0.0010845661163330078
0.0016336441040039062
0.0016224384307861328
0.0010571479797363281
0.0010068416595458984
0.0016148090362548828
0.0011072158813476562
0.0019948482513427734
0.0016589164733886719
0.0011942386627197266
0.0016372203826904297
0.0016083717346191406
0.002000570297241211
0.001992464065551758
0.020155668258666992
0.0016014575958251953
0.018934965133666992
0.00104522705078125
0.001995563507080078
0.0019998550415039062
0.0009920597076416016
0.0009996891021728516
0.0020003318786621094
0.0020008087158203125
0.0010802745819091797
0.0012001991271972656
0.0016307830810546875
0.0010559558868408203
0.001615285873413086
0.0015163421630859375
0.0010001659393310547
0.0020020008087158203
0.0015909671783447266
0.0015876293182373047
0.002001523971557617
0.0016145706176757812
0.0016903877258300781
0.0010151863098144531
0.0017392635345458984
0.0010073184967041016
0.0015103816986083984
0.0019986629486083984
0.001705169677734375
0.0009915828704833984
0.0015151500701904297
0.0019998550415039062
0.0020055770874023438
0.0019855499267578125
0.0017175674438476562
0.0009930133819580078
0.0010900497436523438
0.0015959739685058594
0.0015227794647216797
0.002012491226196289
0.0010001659393310547
0.0015969276428222656
0.0016644001007080078
0.002000093460083008
0.001993417739868164
0.0016093254089355469
0.0015113353729248047
0.0011515617370605469
0.0009951591491699219
0.0019922256469726562
0.0005207061767578125
0.001988649368286133
0.0009963512420654297
0.0012669563293457031
0.0016760826110839844
0.002001047134399414
0.001737833023071289
0.0010783672332763672
0.0016200542449951172
0.0010030269622802734
0.001615762710571289
0.0013356208801269531
0.0010554790496826172
0.0015859603881835938
0.0016086101531982422
0.0009970664978027344
0.0010905265808105469
0.0016541481018066406
0.0010471343994140625
0.001653432846069336
0.0016460418701171875
0.0015273094177246094
0.0016417503356933594
0.0011301040649414062
0.0016798973083496094
0.0011162757873535156
0.001998424530029297
0.0017173290252685547
0.0009965896606445312
0.0011181831359863281
0.0009932518005371094
0.0011713504791259766
0.0019922256469726562
0.0019969940185546875
0.0010919570922851562
0.0017840862274169922
0.0016434192657470703
0.0011000633239746094
0.0010766983032226562
0.0019979476928710938
0.0015106201171875
0.0012166500091552734
0.001650094985961914
0.0016427040100097656
0.0020017623901367188
0.0016739368438720703
0.0012440681457519531
0.001087188720703125
0.0010821819305419922
0.0015187263488769531
0.0012547969818115234
0.0010602474212646484
0.0010733604431152344
0.0017247200012207031
0.0016553401947021484
0.0010602474212646484
0.0016448497772216797
0.0011012554168701172
0.0015985965728759766
0.0020012855529785156
0.0009922981262207031
0.0015838146209716797
0.0010936260223388672
0.0013675689697265625
0.0010733604431152344
0.0020542144775390625
0.0011165142059326172
0.0016140937805175781
0.0011000633239746094
0.0015168190002441406
0.0019927024841308594
0.0011005401611328125
0.0016188621520996094
0.0016107559204101562
0.0010950565338134766
0.002006053924560547
0.0016884803771972656
0.0010514259338378906
0.0011515617370605469
0.0015971660614013672
0.001068115234375
0.0005152225494384766
0.001117706298828125
0.0017175674438476562
0.0019974708557128906
0.0011138916015625
0.0010471343994140625
0.0015113353729248047
0.0019941329956054688
0.0019960403442382812
0.001008749008178711
0.0017189979553222656
0.0015113353729248047
0.0015115737915039062
0.0005769729614257812
0.0010542869567871094
0.0005130767822265625
0.0009355545043945312
0.0011436939239501953
0.0016782283782958984
0.001607656478881836
0.001848459243774414
0.0015861988067626953
0.002000093460083008
0.0009963512420654297
0.0016498565673828125
0.0015954971313476562
0.001653909683227539
0.0016255378723144531
0.0010600090026855469
0.0009965896606445312
0.0010662078857421875
0.0020017623901367188
0.001592874526977539
0.0016155242919921875
0.0009999275207519531
0.0016088485717773438
0.0009989738464355469
0.0005164146423339844
0.0016102790832519531
0.000997304916381836
0.0016493797302246094
0.002000570297241211
0.0020012855529785156
0.001993417739868164
0.0016756057739257812
0.0016412734985351562
0.0016241073608398438
0.0010023117065429688
0.0005171298980712891
0.0011510848999023438
0.0011491775512695312
0.00099945068359375
0.001650094985961914
0.0022134780883789062
0.0010781288146972656
0.001074075698852539
0.0016143321990966797
0.0011756420135498047
0.0021991729736328125
0.0010523796081542969
0.0016222000122070312
0.0015888214111328125
0.001669168472290039
0.0016279220581054688
0.002000093460083008
0.0011191368103027344
0.0020003318786621094
0.001619577407836914
0.0010654926300048828
0.0011489391326904297
0.0010001659393310547
0.0010852813720703125
0.0019223690032958984
0.0015223026275634766
0.0016541481018066406
0.0016317367553710938
0.001590728759765625
0.0010914802551269531
0.0017399787902832031
0.0010564327239990234
0.0015099048614501953
0.000988006591796875
0.0015957355499267578
0.0010690689086914062
0.0011148452758789062
0.0016002655029296875
0.001054525375366211
0.0015845298767089844
0.0018436908721923828
0.001993894577026367
0.0020165443420410156
0.0016932487487792969
0.0010535717010498047
0.0010752677917480469
0.002178192138671875
0.0016052722930908203
0.0016827583312988281
0.0009927749633789062
0.0005152225494384766
0.0016398429870605469
0.0010445117950439453
0.0015859603881835938
0.0019123554229736328
0.0020008087158203125
0.0015425682067871094
0.0017158985137939453
0.0016665458679199219
0.001001596450805664
0.0019998550415039062
0.0010590553283691406
0.0017936229705810547
0.001001119613647461
0.001650094985961914
0.0014493465423583984
0.0011546611785888672
0.0010433197021484375
0.0016353130340576172
0.0009958744049072266
0.0016112327575683594
0.0016069412231445312
0.0011687278747558594
0.0016808509826660156
0.0012693405151367188
0.001033782958984375
0.0010936260223388672
0.0016522407531738281
0.0016546249389648438
0.0015773773193359375
0.0016474723815917969
0.0010838508605957031
0.001008749008178711
0.0018296241760253906
0.0016181468963623047
0.0020058155059814453
0.0016052722930908203
0.0011699199676513672
0.001760721206665039
0.001522064208984375
0.0015382766723632812
0.0010979175567626953
0.0016739368438720703
0.0012383460998535156
0.0016069412231445312
0.0015866756439208984
0.00160980224609375
0.0015108585357666016
0.002980947494506836
0.001607656478881836
0.0005180835723876953
0.0016016960144042969
0.0011124610900878906
0.0020020008087158203
0.0020051002502441406
0.0016634464263916016
0.0010037422180175781
0.0016484260559082031
0.0010743141174316406
0.0009999275207519531
0.0010001659393310547
0.0010657310485839844
0.0016028881072998047
0.0009961128234863281
0.0010657310485839844
0.002000093460083008
0.0015902519226074219
0.0019991397857666016
0.0011355876922607422
0.002001047134399414
0.0019931793212890625
0.0012164115905761719
0.0011119842529296875
0.0011250972747802734
0.0010883808135986328
0.0016074180603027344
0.0009925365447998047
0.001993894577026367
0.0010001659393310547
0.0019996166229248047
0.0016067028045654297
0.0016918182373046875
0.00131988525390625
0.0019981861114501953
0.0017223358154296875
0.0020012855529785156
0.0019998550415039062
0.0016155242919921875
0.0011467933654785156
0.0016803741455078125
0.0015873908996582031
0.0010752677917480469
0.0013964176177978516
0.0016109943389892578
0.0015904903411865234
0.0010957717895507812
0.0010726451873779297
0.0010023117065429688
0.0016067028045654297
0.001626729965209961
0.0011529922485351562
0.0009999275207519531
0.0010972023010253906
0.0012040138244628906
0.0016598701477050781
0.0009965896606445312
0.001680135726928711
0.0010917186737060547
0.0015807151794433594
0.001720428466796875
0.00165557861328125
0.0016770362854003906
0.0015430450439453125
0.0019943714141845703
0.0016422271728515625
0.0015811920166015625
0.001005411148071289
0.0016226768493652344
0.0014162063598632812
0.0016217231750488281
0.0016303062438964844
0.0010762214660644531
0.0020492076873779297
0.0015184879302978516
0.001089334487915039
0.001714944839477539
0.0016994476318359375
0.0010943412780761719
0.0016603469848632812
0.0011014938354492188
0.0009999275207519531
0.0016071796417236328
0.0010800361633300781
0.0010793209075927734
0.0016469955444335938
0.0010886192321777344
0.0010833740234375
0.0016431808471679688
0.0019750595092773438
0.002043485641479492
0.00147247314453125
0.001993894577026367
0.0016639232635498047
0.0012776851654052734
0.002001523971557617
0.001687765121459961
0.002008199691772461
0.0010886192321777344
0.0019919872283935547
0.0013267993927001953
0.0009920597076416016
0.0010080337524414062
0.001992940902709961
0.0013856887817382812
0.001074075698852539
0.0011441707611083984
0.0017879009246826172
0.0015952587127685547
0.0010039806365966797
0.0010585784912109375
0.0017058849334716797
0.0016596317291259766
0.0020046234130859375
0.0020046234130859375
0.001997232437133789
0.0016090869903564453
0.0018050670623779297
0.0010921955108642578
0.0010540485382080078
0.0015823841094970703
0.0010967254638671875
0.0016179084777832031
0.0011336803436279297
0.002000093460083008
0.0017278194427490234
0.0012545585632324219
0.0020008087158203125
0.0009999275207519531
0.0020003318786621094
0.0019996166229248047
0.001016378402709961
0.0010838508605957031
0.0016231536865234375
0.0010001659393310547
0.0012907981872558594
0.0015063285827636719
0.0017366409301757812
0.0010848045349121094
0.0015158653259277344
0.0011749267578125
0.0012097358703613281
0.0010459423065185547
0.0016634464263916016
0.0009899139404296875
0.0010678768157958984
0.0016255378723144531
0.0011839866638183594
0.0016269683837890625
0.0011200904846191406
0.0010993480682373047
0.0015201568603515625
0.001135110855102539
0.0010683536529541016
0.0009989738464355469
0.0016448497772216797
0.0019981861114501953
0.0016183853149414062
0.0011110305786132812
0.0016162395477294922
0.001968860626220703
0.0016164779663085938
0.002001523971557617
0.001104116439819336
0.0015108585357666016
0.0015838146209716797
0.0016086101531982422
0.00099945068359375
0.0010530948638916016
0.002000570297241211
0.0020089149475097656
0.0016176700592041016
0.0010669231414794922
0.0011990070343017578
0.0019960403442382812
0.003000020980834961
0.0010950565338134766
0.001004934310913086
0.0018231868743896484
0.0022382736206054688
0.0019910335540771484
0.0010886192321777344
0.0009932518005371094
0.0011551380157470703
0.0015206336975097656
0.001627206802368164
0.002191305160522461
0.0016777515411376953
0.0016717910766601562
0.0016930103302001953
0.001992940902709961
0.0010838508605957031
0.004999399185180664
0.0010557174682617188
0.0029926300048828125
0.0010001659393310547
0.0011563301086425781
0.000993967056274414
0.0010745525360107422
0.001064300537109375
0.00151824951171875
0.001001119613647461
0.0010004043579101562
0.0010006427764892578
0.0015206336975097656
0.0010554790496826172
0.0016782283782958984
0.0016131401062011719
0.0010502338409423828
0.0010938644409179688
0.0016443729400634766
0.0016202926635742188
0.001997232437133789
0.0006074905395507812
0.0015151500701904297
0.0011029243469238281
0.0016503334045410156
0.0010762214660644531
0.0019986629486083984
0.001995086669921875
0.001999378204345703
0.0009891986846923828
0.00160980224609375
0.0009980201721191406
0.0011594295501708984
0.0019936561584472656
0.001621246337890625
0.0016798973083496094
0.0010845661163330078
0.0019974708557128906
0.001712799072265625
0.0009996891021728516
0.0016193389892578125
0.001995086669921875
0.0019922256469726562
0.0016660690307617188
0.0016624927520751953
0.0015134811401367188
0.0019981861114501953
0.0009982585906982422
0.0017628669738769531
0.001996278762817383
0.0015192031860351562
0.00107574462890625
0.0017838478088378906
0.001087188720703125
0.0009927749633789062
0.0016672611236572266
0.0016026496887207031
0.0019953250885009766
0.0010008811950683594
0.0016207695007324219
0.001684427261352539
0.0015416145324707031
0.0010614395141601562
0.0010783672332763672
0.0012204647064208984
0.0010035037994384766
0.0015797615051269531
0.0010824203491210938
0.0012416839599609375
0.0015096664428710938
0.0020008087158203125
0.0011076927185058594
0.0016181468963623047
0.0010471343994140625
0.0009999275207519531
0.0015764236450195312
0.0016756057739257812
0.0010039806365966797
0.001994609832763672
0.0015854835510253906
0.0011224746704101562
0.001604318618774414
0.0012645721435546875
0.0009915828704833984
0.0009999275207519531
0.0009927749633789062
0.0016026496887207031
0.0016298294067382812
0.001554727554321289
0.0012869834899902344
0.001999378204345703
0.0009982585906982422
0.0009918212890625
0.0009779930114746094
0.0010008811950683594
0.0016117095947265625
0.0016210079193115234
0.0019922256469726562
0.0015492439270019531
0.0011014938354492188
0.0020551681518554688
0.0009996891021728516
0.0015926361083984375
0.0016181468963623047
0.0016307830810546875
0.0010838508605957031
0.0016508102416992188
0.0019953250885009766
0.0019996166229248047
0.021077871322631836
0.001997232437133789
0.0019931793212890625
0.0010707378387451172
0.0009980201721191406
0.001123189926147461
0.00109100341796875
0.0016269683837890625
0.0016834735870361328
0.0011048316955566406
0.0016162395477294922
0.0010161399841308594
0.001996755599975586
0.001603841781616211
0.0010035037994384766
0.0011513233184814453
0.001993417739868164
0.0019986629486083984
0.0020029544830322266
0.0020008087158203125
0.0011515617370605469
0.001996755599975586
0.001569509506225586
0.0010876655578613281
0.001004934310913086
0.001077890396118164
0.0017521381378173828
0.0019989013671875
0.001992940902709961
0.0011165142059326172
0.0009992122650146484
0.0017054080963134766
0.0010960102081298828
0.0019965171813964844
0.001645803451538086
0.0010743141174316406
0.0018963813781738281
0.001992940902709961
0.001089334487915039
0.0010008811950683594
0.0016214847564697266
0.0016169548034667969
0.0009927749633789062
0.0009996891021728516
0.0016279220581054688
0.0009980201721191406
0.0020020008087158203
0.001997232437133789
0.0015115737915039062
0.0011086463928222656
0.0009860992431640625
0.000990152359008789
0.0016014575958251953
0.0013287067413330078
0.0009922981262207031
0.0010869503021240234
0.0009927749633789062
0.0011701583862304688
0.001661062240600586
0.001062631607055664
0.001590728759765625
0.0010001659393310547
0.0011584758758544922
0.0011026859283447266
0.0016436576843261719
0.002000570297241211
0.0016164779663085938
0.0010960102081298828
0.0009984970092773438
0.0015137195587158203
0.0016222000122070312
0.0016605854034423828
0.0011470317840576172
0.0016338825225830078
0.0012319087982177734
0.0019943714141845703
0.0019974708557128906
0.0010025501251220703
0.002003908157348633
0.0019943714141845703
0.001783132553100586
0.0015106201171875
0.0010020732879638672
0.0010769367218017578
0.0011599063873291016
0.04354596138000488
0.0013208389282226562
0.0016262531280517578
0.0010635852813720703
0.0012445449829101562
0.0011332035064697266
0.0015170574188232422
0.0016546249389648438
0.0017502307891845703
0.0016477108001708984
0.0016846656799316406
0.001636505126953125
0.00131988525390625
0.001997232437133789
0.0015687942504882812
0.0009932518005371094
0.0010633468627929688
0.0010595321655273438
0.0010039806365966797
0.0019953250885009766
0.0010592937469482422
0.0010001659393310547
0.001081705093383789
0.001264810562133789
0.0019958019256591797
0.0010378360748291016
0.0020101070404052734
0.0011451244354248047
0.0010609626770019531
0.0016834735870361328
0.0010552406311035156
0.001466989517211914
0.0016791820526123047
0.0016570091247558594
0.0010743141174316406
0.0009922981262207031
0.001001596450805664
0.0009942054748535156
0.0016143321990966797
0.001001596450805664
0.0016617774963378906
0.0016055107116699219
0.0016636848449707031
0.0019965171813964844
0.0017719268798828125
0.0016982555389404297
0.0010039806365966797
0.002000093460083008
0.0015900135040283203
0.0016520023345947266
0.0017099380493164062
0.001355886459350586
0.0016150474548339844
0.0015840530395507812
0.002003192901611328
0.002073526382446289
0.0020029544830322266
0.0016179084777832031
0.0009996891021728516
0.001104116439819336
0.0015909671783447266
0.0016536712646484375
0.0016121864318847656
0.001995563507080078
0.0016322135925292969
0.0019996166229248047
0.0016605854034423828
0.0010006427764892578
0.0016925334930419922
0.001073598861694336
0.0011734962463378906
0.001644134521484375
0.0016639232635498047
0.0009715557098388672
0.0010693073272705078
0.001251220703125
0.001073598861694336
0.0016558170318603516
0.001992464065551758
0.0016834735870361328
0.0010492801666259766
0.0015985965728759766
0.0010769367218017578
0.001233816146850586
0.0017313957214355469
0.001970052719116211
0.0015115737915039062
0.0010027885437011719
0.0010724067687988281
0.001130819320678711
0.01900005340576172
0.0010008811950683594
0.0011267662048339844
0.001999378204345703
0.0016639232635498047
0.0009849071502685547
0.0010218620300292969
0.0020046234130859375
0.0010721683502197266
0.0019431114196777344
0.002000093460083008
0.0020017623901367188
0.0010671615600585938
0.002007007598876953
0.001073598861694336
0.001644134521484375
0.00151824951171875
0.0021049976348876953
0.0019941329956054688
0.0015137195587158203
0.0010006427764892578
0.0010008811950683594
0.0010004043579101562
0.0279998779296875
0.0017132759094238281
0.001992940902709961
0.002001047134399414
0.0016465187072753906
0.0020074844360351562
0.0011889934539794922
0.0010504722595214844
0.0010466575622558594
0.0010993480682373047
0.0010724067687988281
0.0010967254638671875
0.0016429424285888672
0.0016145706176757812
0.0016014575958251953
0.0005209445953369141
0.0009999275207519531
0.0010960102081298828
0.0011818408966064453
0.0015645027160644531
0.0011444091796875
0.0016427040100097656
0.001684427261352539
0.017513036727905273
0.001996755599975586
0.0019996166229248047
0.0016934871673583984
0.0005581378936767578
0.0016598701477050781
0.0015106201171875
0.0010902881622314453
0.0010859966278076172
0.0020008087158203125
0.0018351078033447266
0.0015139579772949219
0.0010685920715332031
0.0016872882843017578
0.0011239051818847656
0.0016391277313232422
0.0016131401062011719
0.0015261173248291016
0.0017931461334228516
0.0016586780548095703
0.0011212825775146484
0.0013310909271240234
0.0018067359924316406
0.001558542251586914
0.0015196800231933594
0.0011081695556640625
0.0024118423461914062
0.0009920597076416016
0.001514434814453125
0.0015091896057128906
0.0022935867309570312
0.0019998550415039062
0.0010647773742675781
0.0016486644744873047
0.0010039806365966797
0.0020008087158203125
0.0020868778228759766
0.0016529560089111328
0.001001119613647461
0.002465486526489258
0.0016467571258544922
0.002003192901611328
0.001008749008178711
0.0015249252319335938
0.0016682147979736328
0.0016567707061767578
0.00099945068359375
0.002015352249145508
0.0016443729400634766
0.0010445117950439453
0.0017085075378417969
0.01300048828125
0.0010004043579101562
0.0010044574737548828
0.0016782283782958984
0.0016870498657226562
0.002000570297241211
0.001005411148071289
0.0009984970092773438
0.0020008087158203125
0.0009915828704833984
0.0012927055358886719
0.0016522407531738281
0.0016226768493652344
0.0019943714141845703
0.0009946823120117188
0.00099945068359375
0.001997232437133789
0.0010006427764892578
0.00700068473815918
0.0012698173522949219
0.002015352249145508
0.0019965171813964844
0.0009996891021728516
0.001996278762817383
0.0017554759979248047
0.001005411148071289
0.001967191696166992
0.002004384994506836
0.001998424530029297
0.0016973018646240234
0.0015878677368164062
0.0016095638275146484
0.0019931793212890625
0.0016674995422363281
0.0016808509826660156
0.0015833377838134766
0.001085519790649414
0.0189971923828125
0.0010447502136230469
0.0010616779327392578
0.0016171932220458984
0.0020003318786621094
0.001991748809814453
0.0015833377838134766
0.001092672348022461
0.001993417739868164
0.0020012855529785156
0.0009987354278564453
0.0012269020080566406
0.0010030269622802734
0.0020008087158203125
0.0016891956329345703
0.0020096302032470703
0.000993967056274414
0.0010077953338623047
0.0016393661499023438
0.0010001659393310547
0.0011434555053710938
0.0012023448944091797
0.0016090869903564453
0.001959085464477539
0.0010006427764892578
0.001094818115234375
0.0019996166229248047
0.0009965896606445312
0.0019958019256591797
0.001691579818725586
0.0010957717895507812
0.0016524791717529297
0.0010852813720703125
0.001692056655883789
0.0010793209075927734
0.0015106201171875
0.0020008087158203125
0.0019948482513427734
0.001001119613647461
0.0009982585906982422
0.0010001659393310547
0.0010600090026855469
0.0019910335540771484
0.001992940902709961
0.00160980224609375
0.0009996891021728516
0.001001596450805664
0.001959562301635742
0.0017807483673095703
0.0005331039428710938
0.0010800361633300781
0.002003908157348633
0.0065157413482666016
0.0020008087158203125
0.0010876655578613281
0.0010001659393310547
0.0015897750854492188
0.0015172958374023438
0.002008199691772461
0.0016384124755859375
0.0016841888427734375
0.0019979476928710938
0.0019989013671875
0.0020012855529785156
0.001994609832763672
0.0016078948974609375
0.001110076904296875
0.0020051002502441406
0.0010967254638671875
0.0016908645629882812
0.0017020702362060547
0.0016093254089355469
0.0020012855529785156
0.0020017623901367188
0.0010001659393310547
0.001603841781616211
0.0015833377838134766
0.0016429424285888672
0.0015971660614013672
0.0020020008087158203
0.0012369155883789062
0.0009984970092773438
0.0016312599182128906
0.0017826557159423828
0.0016944408416748047
0.0020020008087158203
0.001995086669921875
0.0009987354278564453
0.002001523971557617
0.0016055107116699219
0.0017657279968261719
0.001001119613647461
0.001995563507080078
0.001997709274291992
0.0009992122650146484
0.004001140594482422
0.0029938220977783203
0.0019674301147460938
0.0010006427764892578
0.0009961128234863281
0.0009965896606445312
0.0016133785247802734
0.0016069412231445312
0.0019731521606445312
0.0019989013671875
0.0010001659393310547
0.002000093460083008
0.001997232437133789
0.0009953975677490234
0.0022013187408447266
0.0010001659393310547
0.0043299198150634766
0.0015757083892822266
0.0012080669403076172
0.007406711578369141
0.0019979476928710938
0.0020906925201416016
0.0009965896606445312
0.001992464065551758
0.0015482902526855469
0.0009927749633789062
0.0019979476928710938
0.0010037422180175781
0.0016269683837890625
0.0010485649108886719
0.0019991397857666016
0.0019931793212890625
0.0020017623901367188
0.0011019706726074219
0.0009920597076416016
0.001661539077758789
0.0016787052154541016
0.0016644001007080078
0.0029985904693603516
0.000997304916381836
0.0021626949310302734
0.0016446113586425781
0.021921396255493164
0.0019927024841308594
0.0010035037994384766
0.0019960403442382812
0.0019998550415039062
0.0010519027709960938
0.0019979476928710938
0.0019991397857666016
0.0011823177337646484
0.0019927024841308594
0.0020008087158203125
0.0010895729064941406
0.0020058155059814453
0.0009953975677490234
0.001575469970703125
0.0010902881622314453
0.002001047134399414
0.0019996166229248047
0.0010635852813720703
0.001744985580444336
0.0019943714141845703
0.0010519027709960938
0.002002239227294922
0.001657724380493164
0.0015101432800292969
0.0020020008087158203
0.0016620159149169922
0.001255035400390625
0.001989126205444336
0.0016109943389892578
0.0019919872283935547
0.0020008087158203125
0.001051187515258789
0.0009996891021728516
0.001653909683227539
0.002000093460083008
0.002152681350708008
0.0015113353729248047
0.001691579818725586
0.0015103816986083984
0.001996755599975586
0.001992940902709961
0.0011229515075683594
0.0015950202941894531
0.0019905567169189453
0.0016086101531982422
0.0012664794921875
0.0015790462493896484
0.0010006427764892578
0.0017170906066894531
0.001995563507080078
0.0009949207305908203
0.0010001659393310547
0.0016052722930908203
0.0015096664428710938
0.0010833740234375
0.0012524127960205078
0.0015099048614501953
0.001102447509765625
0.0009815692901611328
0.001512765884399414
0.0019991397857666016
0.0016803741455078125
0.000997781753540039
0.001888275146484375
0.001644134521484375
0.00165557861328125
0.0010938644409179688
0.00099945068359375
0.0019922256469726562
0.0019943714141845703
0.0010037422180175781
0.0019936561584472656
0.0011734962463378906
0.001001119613647461
0.0015110969543457031
0.0019931793212890625
0.0005772113800048828
0.0015180110931396484
0.001146078109741211
0.002001047134399414
0.0015773773193359375
0.0020008087158203125
0.0012357234954833984
0.0019884109497070312
0.0010874271392822266
0.0012941360473632812
0.0015180110931396484
0.0015134811401367188
0.0024957656860351562
0.0009951591491699219
0.0023260116577148438
0.001153707504272461
0.0019669532775878906
0.001657724380493164
0.0010063648223876953
0.0009989738464355469
0.0029976367950439453
0.007032155990600586
0.007999897003173828
0.0030019283294677734
0.0009989738464355469
0.0016248226165771484
0.0020008087158203125
0.0025434494018554688
0.0016715526580810547
0.0013134479522705078
0.0016608238220214844
0.0016469955444335938
0.0020890235900878906
0.0012476444244384766
0.0016238689422607422
0.0010962486267089844
0.0011224746704101562
0.002216339111328125
0.0019953250885009766
0.0011065006256103516
0.0010914802551269531
0.0015728473663330078
0.001100778579711914
0.0016493797302246094
0.0016837120056152344
0.0009987354278564453
0.0010709762573242188
0.0011091232299804688
0.0019919872283935547
0.0010638236999511719
0.0010578632354736328
0.001077890396118164
0.0019991397857666016
0.001104593276977539
0.001615285873413086
0.0016341209411621094
0.001070261001586914
0.002000093460083008
0.0019974708557128906
0.0011034011840820312
0.001605987548828125
0.001283407211303711
0.0014829635620117188
0.0015881061553955078
0.0016579627990722656
0.0010974407196044922
0.0019974708557128906
0.0010714530944824219
0.0011501312255859375
0.0011250972747802734
0.0016336441040039062
0.0016856193542480469
0.0005147457122802734
0.0016753673553466797
0.00104522705078125
0.0016202926635742188
0.0010023117065429688
0.0017638206481933594
0.0016584396362304688
0.0016918182373046875
0.0016751289367675781
0.0017850399017333984
0.0016551017761230469
0.0016021728515625
0.0009930133819580078
0.002294301986694336
0.001995563507080078
0.00800013542175293
0.0016512870788574219
0.001074075698852539
0.0010361671447753906
0.001108407974243164
0.0015113353729248047
0.0010690689086914062
0.0013394355773925781
0.0018782615661621094
0.0011620521545410156
0.0020105838775634766
0.0012257099151611328
0.001074075698852539
0.001992464065551758
0.0010004043579101562
0.0012357234954833984
0.0019948482513427734
0.0015802383422851562
0.001993417739868164
0.0016584396362304688
0.0019941329956054688
0.0010836124420166016
0.0016868114471435547
0.0017368793487548828
0.0016088485717773438
0.0020012855529785156
0.0016829967498779297
0.0011096000671386719
0.001004934310913086
0.001645803451538086
0.0010006427764892578
0.0011789798736572266
0.0016002655029296875
0.0016570091247558594
0.0020084381103515625
0.0009968280792236328
0.0016226768493652344
0.001636505126953125
0.0020055770874023438
0.0010669231414794922
0.001992940902709961
0.0019609928131103516
0.001991748809814453
0.0018582344055175781
0.0015187263488769531
0.0016226768493652344
0.0016181468963623047
0.000993967056274414
0.00167083740234375
0.0019948482513427734
0.001674652099609375
0.0020003318786621094
0.002071380615234375
0.0018694400787353516
0.001999378204345703
0.004373788833618164
0.0013203620910644531
0.001600503921508789
0.0016949176788330078
0.0011420249938964844
0.002000570297241211
0.0010919570922851562
0.0011112689971923828
0.0018558502197265625
0.0016355514526367188
0.001665353775024414
0.0019927024841308594
0.0016748905181884766
0.001592874526977539
0.001909017562866211
0.001634359359741211
0.0009999275207519531
0.0010051727294921875
0.0020072460174560547
0.001993417739868164
0.0015802383422851562
0.0019998550415039062
0.0015108585357666016
0.0015604496002197266
0.0020127296447753906
0.0031011104583740234
0.0016472339630126953
0.0011510848999023438
0.0014548301696777344
0.0016622543334960938
0.0019981861114501953
0.0010907649993896484
0.0015180110931396484
0.001348257064819336
0.0010004043579101562
0.001949310302734375
0.0020008087158203125
0.0023190975189208984
0.0017969608306884766
0.0009980201721191406
0.0022220611572265625
0.0011723041534423828
0.0010581016540527344
0.0011165142059326172
0.0009982585906982422
0.0020012855529785156
0.0010135173797607422
0.0016362667083740234
0.0011284351348876953
0.004000663757324219
0.001041412353515625
0.0015964508056640625
0.001058340072631836
0.001074075698852539
0.0010726451873779297
0.0016167163848876953
0.0016322135925292969
0.0012145042419433594
0.0019996166229248047
0.0016477108001708984
0.0019953250885009766
0.0017185211181640625
0.0016109943389892578
0.0019943714141845703
0.0009970664978027344
0.0010747909545898438
0.0020041465759277344
0.0015978813171386719
0.0005218982696533203
0.001993894577026367
0.0016179084777832031
0.0015094280242919922
0.0019919872283935547
0.0015213489532470703
0.0016837120056152344
0.0010766983032226562
0.0011136531829833984
0.0015141963958740234
0.0010476112365722656
0.001993417739868164
0.0018978118896484375
0.0015101432800292969
0.0019996166229248047
0.002001047134399414
0.0010001659393310547
0.0010623931884765625
0.0030002593994140625
0.0019621849060058594
0.0019969940185546875
0.0015141963958740234
0.0015096664428710938
0.0020008087158203125
0.0005159378051757812
0.001186370849609375
0.0010409355163574219
0.0019981861114501953
0.0016324520111083984
0.0010001659393310547
0.0039055347442626953
0.0010426044464111328
0.002996683120727539
0.0009975433349609375
0.0017828941345214844
0.003255605697631836
0.0016932487487792969
0.0010957717895507812
0.0009932518005371094
0.0017964839935302734
0.0016355514526367188
0.0017421245574951172
0.0016758441925048828
0.0009908676147460938
0.0016219615936279297
0.0011551380157470703
0.0020079612731933594
0.0016071796417236328
0.0010652542114257812
0.0020055770874023438
0.00164794921875
0.0020017623901367188
0.0011284351348876953
0.001087188720703125
0.00099945068359375
0.001615762710571289
0.0019996166229248047
0.0012831687927246094
0.0019922256469726562
0.0010769367218017578
0.0011081695556640625
0.0020008087158203125
0.001993894577026367
0.0011017322540283203
0.0017459392547607422
0.002000093460083008
0.0015101432800292969
0.001672983169555664
0.0025124549865722656
0.002002716064453125
0.0015654563903808594
0.0016551017761230469
0.0019712448120117188
0.0010523796081542969
0.0011138916015625
0.0020017623901367188
0.0016891956329345703
0.0016133785247802734
0.0012373924255371094
0.0016543865203857422
0.0021598339080810547
0.0009980201721191406
0.0010952949523925781
0.0016334056854248047
0.0016613006591796875
0.0016286373138427734
0.0019965171813964844
0.0010066032409667969
0.001611948013305664
0.0016138553619384766
0.0017120838165283203
0.003584146499633789
0.0016567707061767578
0.0010919570922851562
0.0010883808135986328
0.0005290508270263672
0.0011332035064697266
0.0011603832244873047
0.0016014575958251953
0.0015094280242919922
0.0019958019256591797
0.0015811920166015625
0.0011014938354492188
0.0017371177673339844
0.0011034011840820312
0.0016264915466308594
0.001998424530029297
0.0016129016876220703
0.0015099048614501953
0.0017766952514648438
0.0009987354278564453
0.0016078948974609375
0.0019927024841308594
0.001071929931640625
0.0019981861114501953
0.0016551017761230469
0.0016624927520751953
0.0019989013671875
0.0021598339080810547
0.0011301040649414062
0.0009937286376953125
0.001001596450805664
0.0011358261108398438
0.0015881061553955078
0.0018534660339355469
0.001859426498413086
0.002000570297241211
0.0015892982482910156
0.0016238689422607422
0.0010738372802734375
0.0015971660614013672
0.001500844955444336
0.0016238689422607422
0.0016188621520996094
0.0015919208526611328
0.00165557861328125
0.0019948482513427734
0.0017206668853759766
0.0011577606201171875
0.0016160011291503906
0.0015187263488769531
0.0016064643859863281
0.001214742660522461
0.0016186237335205078
0.002894878387451172
0.0020008087158203125
0.0015110969543457031
0.0020003318786621094
0.001580953598022461
0.0018198490142822266
0.0016427040100097656
0.0019989013671875
0.0030059814453125
0.002000570297241211
0.002007007598876953
0.0016133785247802734
0.0015110969543457031
0.001558065414428711
0.0015108585357666016
0.0016007423400878906
0.0015244483947753906
0.0009920597076416016
0.0015239715576171875
0.0015087127685546875
0.0016417503356933594
0.0019996166229248047
0.0010004043579101562
0.0009951591491699219
0.0015685558319091797
0.001941680908203125
0.0011734962463378906
0.001617431640625
0.0012001991271972656
0.001768350601196289
0.0009925365447998047
0.001992464065551758
0.0017008781433105469
0.0017879009246826172
0.0013689994812011719
0.0016341209411621094
0.0010693073272705078
0.002001523971557617
0.0013852119445800781
0.0037801265716552734
0.002000570297241211
0.0008416175842285156
0.0010001659393310547
0.0009944438934326172
0.0020008087158203125
0.0009250640869140625
0.0017142295837402344
0.001997232437133789
0.0022618770599365234
0.001527547836303711
0.0017061233520507812
0.0011875629425048828
0.0010945796966552734
0.0016145706176757812
0.0010809898376464844
0.0010058879852294922
0.0019931793212890625
0.0015113353729248047
0.0012135505676269531
0.003962993621826172
0.001998424530029297
0.0017108917236328125
0.0019981861114501953
0.0016989707946777344
0.0011322498321533203
0.0016281604766845703
0.0015926361083984375
0.0011870861053466797
0.0017087459564208984
0.0019996166229248047
0.0019240379333496094
0.0010006427764892578
0.0025360584259033203
0.002002239227294922
0.002002239227294922
0.0015110969543457031
0.0016040802001953125
0.0019989013671875
0.0012121200561523438
0.0020101070404052734
0.0019996166229248047
0.0021855831146240234
0.0015184879302978516
0.0015783309936523438
0.0012347698211669922
0.0016641616821289062
0.0017161369323730469
0.0016264915466308594
0.0018420219421386719
0.0020568370819091797
0.0015087127685546875
0.0011227130889892578
0.001664876937866211
0.0015752315521240234
0.001651763916015625
0.0016291141510009766
0.00168609619140625
0.0010864734649658203
0.001065969467163086
0.001081228256225586
0.001077413558959961
0.0010073184967041016
0.0013055801391601562
0.0016379356384277344
0.002000570297241211
0.001104116439819336
0.0015118122100830078
0.001985311508178711
0.0010030269622802734
0.002000570297241211
0.0020003318786621094
0.0010669231414794922
0.0010581016540527344
0.0015110969543457031
0.001909017562866211
0.0013239383697509766
0.0011565685272216797
0.0011103153228759766
0.0010037422180175781
0.0016193389892578125
0.001051187515258789
0.0010001659393310547
0.0010657310485839844
0.001134634017944336
0.0011005401611328125
0.001611948013305664
0.0017673969268798828
0.0016782283782958984
0.001102447509765625
0.0015790462493896484
0.0015957355499267578
0.001600503921508789
0.0015871524810791016
0.001965045928955078
0.0010056495666503906
0.0015957355499267578
0.0010006427764892578
0.0012717247009277344
0.0009953975677490234
0.0016660690307617188
0.0018775463104248047
0.0013942718505859375
0.0012526512145996094
0.0017011165618896484
0.0010035037994384766
0.0019903182983398438
0.0011053085327148438
0.0010938644409179688
0.0010516643524169922
0.0017390251159667969
0.0016484260559082031
0.0019936561584472656
0.0010721683502197266
0.0020020008087158203
0.0016379356384277344
0.0009999275207519531
0.000993490219116211
0.002002716064453125
0.0019998550415039062
0.002000093460083008
0.0020003318786621094
0.0020012855529785156
0.0010004043579101562
0.0015954971313476562
0.0015079975128173828
0.0019960403442382812
0.002000570297241211
0.0015854835510253906
0.0010704994201660156
0.0011756420135498047
0.0016052722930908203
0.0009970664978027344
0.001992940902709961
0.0009927749633789062
0.0010004043579101562
0.0011682510375976562
0.003000497817993164
0.0010895729064941406
0.0015277862548828125
0.0012426376342773438
0.0019948482513427734
0.002995729446411133
0.03626227378845215
0.0020003318786621094
0.0010406970977783203
0.0015137195587158203
0.0016219615936279297
0.0016722679138183594
0.001996278762817383
0.0030012130737304688
0.002001047134399414
0.0015087127685546875
0.001764059066772461
0.0015113353729248047
0.0019812583923339844
0.0015137195587158203
0.003000974655151367
0.0009996891021728516
0.001514434814453125
0.0010678768157958984
0.0015931129455566406
0.0016775131225585938
0.0010678768157958984
0.0016350746154785156
0.016010522842407227
0.0012083053588867188
0.001094818115234375
0.0019490718841552734
0.0010941028594970703
0.001049041748046875
0.0017125606536865234
0.0015909671783447266
0.0015096664428710938
0.0010890960693359375
0.001087188720703125
0.0015180110931396484
0.001264333724975586
0.003002166748046875
0.0009996891021728516
0.0010826587677001953
0.0015108585357666016
0.0020732879638671875
0.001697540283203125
0.0016942024230957031
0.0011034011840820312
0.0015761852264404297
0.0020875930786132812
0.0009996891021728516
0.0019991397857666016
0.000997781753540039
0.0020101070404052734
0.0015995502471923828
0.0016911029815673828
0.0016102790832519531
0.0013856887817382812
0.0009961128234863281
0.001584768295288086
0.0019881725311279297
0.0019991397857666016
0.0020017623901367188
0.0010535717010498047
0.0015196800231933594
0.0015838146209716797
0.0016922950744628906
0.0010006427764892578
0.001997709274291992
0.0017366409301757812
0.0016465187072753906
0.0015869140625
0.0020003318786621094
0.0009992122650146484
0.0011339187622070312
0.0010828971862792969
0.0015103816986083984
0.0015864372253417969
0.011898040771484375
0.001998424530029297
0.0009996891021728516
0.0016911029815673828
0.0019960403442382812
0.0009942054748535156
0.0010881423950195312
0.0016543865203857422
0.0016837120056152344
0.00209808349609375
0.0010004043579101562
0.0032758712768554688
0.004580497741699219
0.0019996166229248047
0.001650094985961914
0.0009992122650146484
0.0010485649108886719
0.0010814666748046875
0.0017747879028320312
0.0009996891021728516
0.0016591548919677734
0.0010721683502197266
0.0017583370208740234
0.001621246337890625
0.0010051727294921875
0.0016095638275146484
0.0010759830474853516
0.0011169910430908203
0.0019958019256591797
0.002863168716430664
0.0015101432800292969
0.0020020008087158203
0.001999378204345703
0.0019922256469726562
0.0016047954559326172
0.001992464065551758
0.0015816688537597656
0.0012674331665039062
0.0016427040100097656
0.013000965118408203
0.0010046958923339844
0.0016298294067382812
0.0015861988067626953
0.0013086795806884766
0.00101470947265625
0.0015816688537597656
0.002103090286254883
0.0015666484832763672
0.001992940902709961
0.0016727447509765625
0.0015721321105957031
0.0060007572174072266
0.001999378204345703
0.0019998550415039062
0.0015110969543457031
0.0015239715576171875
0.0010929107666015625
0.0015184879302978516
0.0010089874267578125
0.0016765594482421875
0.0015132427215576172
0.0010707378387451172
0.0009684562683105469
0.0017228126525878906
0.008000850677490234
0.0019998550415039062
0.0017254352569580078
0.0011246204376220703
0.0015900135040283203
0.0021665096282958984
0.002547025680541992
0.0020003318786621094
0.0019969940185546875
0.0015108585357666016
0.0015552043914794922
0.0018472671508789062
0.0010983943939208984
0.00112152099609375
0.0019867420196533203
0.001667022705078125
0.0011143684387207031
0.0015823841094970703
0.0030107498168945312
0.004559755325317383
0.0009999275207519531
0.0019958019256591797
0.0029959678649902344
0.0020072460174560547
0.0019979476928710938
0.0015113353729248047
0.0016598701477050781
0.001600027084350586
0.0009982585906982422
0.001992940902709961
0.0015184879302978516
0.0010554790496826172
0.001123189926147461
0.0011203289031982422
0.0016627311706542969
0.0011494159698486328
0.0015845298767089844
0.0019752979278564453
0.001508951187133789
0.0015981197357177734
0.0018091201782226562
0.0009920597076416016
0.0019998550415039062
0.00160980224609375
0.0017147064208984375
0.0011234283447265625
0.0017163753509521484
0.001100301742553711
0.0009922981262207031
0.0019953250885009766
0.0015947818756103516
0.0019981861114501953
0.001993894577026367
0.0012311935424804688
0.0019989013671875
0.0016965866088867188
0.0011022090911865234
0.001995086669921875
0.0017096996307373047
0.0016410350799560547
0.0016360282897949219
0.0016074180603027344
0.002001523971557617
0.0010006427764892578
0.0016314983367919922
0.001993417739868164
0.0017910003662109375
0.0016090869903564453
0.0020003318786621094
0.0012197494506835938
0.001512289047241211
0.0010499954223632812
0.0011019706726074219
0.001992464065551758
0.0010013580322265625
0.0020012855529785156
0.001833200454711914
0.0016355514526367188
0.0019927024841308594
0.001005411148071289
0.0010704994201660156
0.0016322135925292969
0.0015954971313476562
0.001992464065551758
0.002004384994506836
0.0010068416595458984
0.0015175342559814453
0.001667022705078125
0.0010669231414794922
0.001992464065551758
0.0009999275207519531
0.001590728759765625
0.0016477108001708984
0.001993417739868164
0.0009982585906982422
0.0020029544830322266
0.0011425018310546875
0.0015149116516113281
0.0017173290252685547
0.0015137195587158203
0.0010695457458496094
0.0015141963958740234
0.006973743438720703
0.0015139579772949219
0.0009968280792236328
0.0019996166229248047
0.0011131763458251953
0.0020003318786621094
0.001764535903930664
0.001089334487915039
0.002074718475341797
0.0015628337860107422
0.0012919902801513672
0.0010852813720703125
0.001621246337890625
0.0016460418701171875
0.0017423629760742188
0.001626729965209961
0.0010292530059814453
0.0015895366668701172
0.0019049644470214844
0.0010831356048583984
0.0010907649993896484
0.0010495185852050781
0.0019996166229248047
0.0009756088256835938
0.0016565322875976562
0.0010952949523925781
0.0013546943664550781
0.0015099048614501953
0.0010008811950683594
0.0015864372253417969
0.002001047134399414
0.0019960403442382812
0.0009987354278564453
0.0010972023010253906
0.0016524791717529297
0.0010776519775390625
0.001617431640625
0.0016551017761230469
0.0010623931884765625
0.0020003318786621094
0.0016942024230957031
0.0011205673217773438
0.001056671142578125
0.0010693073272705078
0.001630544662475586
0.0015287399291992188
0.0016298294067382812
0.001667022705078125
0.001997232437133789
0.0025146007537841797
0.0010902881622314453
0.001190185546875
0.0016717910766601562
0.0016143321990966797
0.004157304763793945
0.0011563301086425781
0.0022563934326171875
0.0009877681732177734
0.0030014514923095703
0.0016977787017822266
0.00099945068359375
0.001218557357788086
0.0010945796966552734
0.0010571479797363281
0.0015099048614501953
0.001863241195678711
0.001996278762817383
0.0019996166229248047
0.00107574462890625
0.0019965171813964844
0.0015671253204345703
0.0011925697326660156
0.0016336441040039062
0.0015091896057128906
0.0016121864318847656
0.002177000045776367
0.0020036697387695312
0.001003265380859375
0.0019931793212890625
0.0016181468963623047
0.0010919570922851562
0.0019998550415039062
0.001573801040649414
0.0020003318786621094
0.001512765884399414
0.000997304916381836
0.0022840499877929688
0.00102996826171875
0.0016329288482666016
0.0016438961029052734
0.0016469955444335938
0.0015933513641357422
0.0017695426940917969
0.0010063648223876953
0.0019998550415039062
0.0011615753173828125
0.0017185211181640625
0.0013859272003173828
0.001001119613647461
0.0010035037994384766
0.0019872188568115234
0.00225830078125
0.0011436939239501953
0.001583099365234375
0.0015103816986083984
0.0009961128234863281
0.0017666816711425781
0.0011067390441894531
0.0016431808471679688
0.0011031627655029297
0.0016472339630126953
0.002462148666381836
0.0012564659118652344
0.001650094985961914
0.0009968280792236328
0.0015957355499267578
0.001604318618774414
0.0020020008087158203
0.001592874526977539
0.0011861324310302734
0.0016033649444580078
0.0016810894012451172
0.002001523971557617
0.0013523101806640625
0.0010538101196289062
0.0011107921600341797
0.0010006427764892578
0.0010917186737060547
0.0010859966278076172
0.0019960403442382812
0.0010540485382080078
0.0016210079193115234
0.0011057853698730469
0.001626729965209961
0.0015833377838134766
0.001996755599975586
0.00125885009765625
0.002003908157348633
0.0014879703521728516
0.0016326904296875
0.0010585784912109375
0.0017364025115966797
0.001001596450805664
0.0016503334045410156
0.0015943050384521484
0.0020020008087158203
0.003001689910888672
0.0020008087158203125
0.0019745826721191406
0.0019974708557128906
0.0013222694396972656
0.0015103816986083984
0.002000570297241211
0.0017518997192382812
0.0016319751739501953
0.0015108585357666016
0.001622915267944336
0.0016083717346191406
0.0016162395477294922
0.0016014575958251953
0.001085519790649414
0.0016183853149414062
0.0017580986022949219
0.001989603042602539
0.0013141632080078125
0.001596689224243164
0.003568887710571289
0.002274751663208008
0.0019991397857666016
0.002000570297241211
0.0005156993865966797
0.0010657310485839844
0.0011334419250488281
0.002000570297241211
0.002000570297241211
0.001047372817993164
0.0010335445404052734
0.0019354820251464844
0.0016236305236816406
0.0016117095947265625
0.0017118453979492188
0.0012586116790771484
0.0016727447509765625
0.001638174057006836
0.001659393310546875
0.0019664764404296875
0.001430511474609375
0.0009961128234863281
0.0020036697387695312
0.0010750293731689453
0.0016279220581054688
0.002061128616333008
0.0018076896667480469
0.001081705093383789
0.001172780990600586
0.0019953250885009766
0.0015091896057128906
0.0010974407196044922
0.0010950565338134766
0.0011501312255859375
0.0017178058624267578
0.0015671253204345703
0.0009961128234863281
0.0011620521545410156
0.001001119613647461
0.0020003318786621094
0.0019981861114501953
0.002001047134399414
0.0015568733215332031
0.0010006427764892578
0.001123189926147461
0.0010814666748046875
0.001331329345703125
0.0017189979553222656
0.0023093223571777344
0.0022935867309570312
0.002131938934326172
0.0011432170867919922
0.002395153045654297
0.001069784164428711
0.0015110969543457031
0.0010006427764892578
0.0010766983032226562
0.0011088848114013672
0.0009922981262207031
0.002053976058959961
0.001600027084350586
0.0011188983917236328
0.005772829055786133
0.0019922256469726562
0.0020029544830322266
0.0011034011840820312
0.0009999275207519531
0.0019919872283935547
0.0020012855529785156
0.0010004043579101562
0.00099945068359375
0.0015158653259277344
0.002001523971557617
0.0015904903411865234
0.0019631385803222656
0.0019855499267578125
0.0009992122650146484
0.0011906623840332031
0.001992940902709961
0.0009989738464355469
0.0020012855529785156
0.0020012855529785156
0.002676248550415039
0.0019996166229248047
0.0014586448669433594
0.0009992122650146484
0.0019981861114501953
0.0010004043579101562
0.0010709762573242188
0.0013968944549560547
0.0017504692077636719
0.0010833740234375
0.0015723705291748047
0.0010704994201660156
0.0016798973083496094
0.0020003318786621094
0.0015904903411865234
0.001001119613647461
0.0019998550415039062
0.0010657310485839844
0.0015101432800292969
0.002000093460083008
0.0020074844360351562
0.0019953250885009766
0.001087188720703125
0.001689910888671875
0.001996755599975586
0.0019974708557128906
0.0011298656463623047
0.0016105175018310547
0.002000093460083008
0.003000974655151367
0.001565694808959961
0.0015273094177246094
0.0005142688751220703
0.00186920166015625
0.0019986629486083984
0.0020003318786621094
0.001943349838256836
0.0017049312591552734
0.0015151500701904297
0.0058193206787109375
0.0017499923706054688
0.0015113353729248047
0.0015935897827148438
0.001750946044921875
0.0019991397857666016
0.0015172958374023438
0.0012924671173095703
0.0025005340576171875
0.002142667770385742
0.012423276901245117
0.0010058879852294922
0.0016529560089111328
0.002232074737548828
0.001997709274291992
0.0010898113250732422
0.002058267593383789
0.0011255741119384766
0.0010516643524169922
0.0016551017761230469
0.0010726451873779297
0.0011444091796875
0.0016071796417236328
0.0010068416595458984
0.0009982585906982422
0.0015287399291992188
0.0015232563018798828
0.0018520355224609375
0.001146554946899414
0.001207590103149414
0.0010869503021240234
0.0020303726196289062
0.0016260147094726562
0.0019965171813964844
0.00165557861328125
0.001512289047241211
0.0017113685607910156
0.001995563507080078
0.0019965171813964844
0.0010008811950683594
0.0029990673065185547
0.00099945068359375
0.0013430118560791016
0.0020003318786621094
0.0019998550415039062
0.0012156963348388672
0.00099945068359375
0.0010845661163330078
0.001992940902709961
0.0017633438110351562
0.0017518997192382812
0.0011277198791503906
0.0016336441040039062
0.0016744136810302734
0.0020079612731933594
0.0009906291961669922
0.00099945068359375
0.00099945068359375
0.0016016960144042969
0.0010001659393310547
0.0019936561584472656
0.0039997100830078125
0.0019958019256591797
0.00099945068359375
0.0010499954223632812
0.0019979476928710938
0.0010683536529541016
0.0011341571807861328
0.0020029544830322266
0.001997709274291992
0.0019989013671875
0.0015609264373779297
0.001990795135498047
0.0020012855529785156
0.0018143653869628906
0.0016455650329589844
0.0010845661163330078
0.002000570297241211
0.0017924308776855469
0.0014281272888183594
0.001834869384765625
0.0016312599182128906
0.00170135498046875
0.0019974708557128906
0.0015170574188232422
0.0010082721710205078
0.001004934310913086
0.0010001659393310547
0.0013680458068847656
0.005513906478881836
0.002001047134399414
0.001995086669921875
0.001997232437133789
0.001986265182495117
0.0016260147094726562
0.0019965171813964844
0.0013921260833740234
0.0010027885437011719
0.001999378204345703
