0.5562143325805664
0.03947901725769043
0.04416775703430176
0.038197994232177734
0.043225765228271484
0.034705400466918945
0.04332756996154785
0.033606529235839844
0.034440040588378906
0.041144609451293945
0.035248517990112305
0.03340935707092285
0.03672456741333008
0.03336906433105469
0.03328704833984375
0.04127693176269531
0.03961515426635742
0.027103185653686523
0.03780388832092285
0.02280259132385254
0.025208234786987305
0.028391361236572266
0.022608041763305664
0.0272982120513916
0.03991961479187012
0.03470444679260254
0.03147482872009277
0.03645682334899902
0.04287528991699219
0.04342770576477051
